1.136399036 1.026518496 0.7036993182
0.8214492868 1.440798277 -1.676317692
0.634954695 2.19130249 0.1264679955
1.176947895 -1.983678075 -0.9020900584
-1.215368713 -1.241601779 -1.024180783
-1.173647349 1.283612613 0.1348886454
0.8405121952 -0.1465330271 1.470008391
-1.842162066 0.850709367 -1.826665422
-2.217834284 0.58442715 0.6424193237
-0.3657618013 1.853394744 1.576772103
0.04808480967 -1.424084076 -1.140997568
-0.02421797293 0.8459742758 -1.342224356
1.18099677 1.721111689 2.285183938
-1.390553538 1.63752987 1.173343702
2.351125559 0.6428604678 2.150283892
-0.2093563738 -0.8176183324 -0.1556623127
-1.997053622 -0.1851049571 -2.308320613
0.6320088313 0.23130932 -1.956691621
-0.8587922107 -2.035809541 -0.3680045991
-0.3539187647 -0.4325551643 -1.372578025
0.5739528099 -1.804814539 0.8646070436
-1.787727788 -1.695811268 0.9861503693
2.003936575 -0.4694788835 2.050990046
2.451410004 -1.21571324 1.339157053
2.02456228 -1.864718161 -1.581549224
-1.795043155 1.899257706 -0.6360452562
-0.4932982845 -1.431952635 0.862084197
-0.7832755983 0.4205753488 -2.055202297
0.2716363529 -1.200793125 1.696956427
-1.307599326 -1.101325835 0.07731381629
1.241107762 0.6717484281 2.017456522
-0.2798596956 1.75461255 -1.813424032
-0.769841925 0.7194368144 1.088065199
1.738006989 0.2596690114 -2.096830065
0.7727430211 -0.706672554 -1.454956868
-1.929144398 -0.9467955193 2.150360502
1.717462657 -0.9016957216 -2.004420411
1.309268617 1.873195492 -0.7747757229
1.364869998 -1.846390184 0.1486663621
-1.404661889 -0.150302455 -1.319554523
1.083993299 -2.081613443 2.103427329
-0.09159291123 1.429234514 0.4923589852
0.5869097813 1.189845555 -0.338179673
1.870082971 1.365396985 -1.969940282
-2.292014944 2.282298514 1.190112408
-1.187210321 -0.1271222163 1.981940936
1.726418625 1.059959917 -0.1400256581
-1.741211665 0.7617937954 1.673835719
-2.148047623 1.545585416 2.480288185
0.2455265315 1.181046384 2.499588069
0.3818717192 1.063737729 1.448261279
0.4094118419 2.347476252 -1.205819831
-0.9676722891 -2.410241851 1.403532778
-2.330389287 1.627947779 0.254574242
2.08282805 -1.603910525 2.269044167
-0.8569796105 -1.306481753 1.916043166
-0.2375525078 -2.476488826 0.5761714972
-0.3028125459 0.423060485 2.010147758
0.9276900224 -1.000670554 -0.3816527514
1.709978651 1.964416049 0.4628683581
-2.397518631 2.130531221 -1.619601378
0.5943952295 -0.7449101996 0.633795425
-0.4656056196 0.4654716168 -0.2968364755
2.168414142 -1.334641656 -0.4663471267
-1.11951053 -1.080014224 -2.126195581
0.2118449291 -1.836329527 -0.1605750207
0.9386502071 -0.7303695859 2.396077345
-1.382921058 -0.7289913022 1.118318312
-0.3721777634 1.681755816 -0.7268231209
0.5106722169 2.304248337 -2.345419899
2.413559831 -1.826666229 0.4506825949
-2.137666934 -1.025186584 -1.614001718
2.201131176 0.09923367541 -0.09101772396
-1.784342512 -2.047481307 2.03895181
0.4179764289 0.05790289358 -0.8000878242
1.437684593 2.37053404 -1.761471787
-1.309598955 1.836976938 -1.582072013
1.372467121 -1.265126456 1.424199853
-0.2728315835 -0.3729199906 1.271271573
-1.306516711 0.02571718099 0.3000359681
2.087773836 2.293977928 2.163076077
1.890655289 1.419668677 1.436369515
0.1921817217 0.3712069054 0.5915479461
-1.532111085 2.414922617 0.3962584516
-1.964668312 -1.871006002 -0.3937438275
-2.220366445 -0.5514038104 0.4946446212
-1.064606941 1.371302163 2.325062628
0.8803231186 2.03822002 1.202449855
1.307855662 0.6738196305 -1.081886484
2.301648824 1.329779883 -1.00025298
-2.001854762 0.6274326912 -0.4615720836
-0.6995992089 -2.087698654 -1.502095493
1.778017089 0.2303919546 1.035588791
-2.111502889 -0.5687981861 -0.5787570367
0.06346608279 -2.296269688 1.660625409
1.731504645 -2.340069948 1.196427029
-1.741637014 -2.163263404 -1.778471583
1.740289915 -0.769661071 0.4311526715
2.206532952 2.401937331 -0.4718750542
-0.8261255571 2.385152294 -2.49319587
-0.07784803401 -1.588506545 -2.282108098
0.9424390738 -1.663382253 -1.902865301
-0.2572953055 -0.5669243151 2.447724128
-2.300316078 -0.1347322102 1.518309746
1.723863261 -0.4645773473 -0.9373124356
-2.463694002 0.06988190862 -1.362690181
-1.07488882 0.8983638116 -1.067921725
1.084963625 0.1133626887 0.05008858483
1.083245659 1.056913701 0.6861893992
0.8183871966 1.41677262 -1.634318142
0.7112094005 2.163432597 0.1768622962
1.23314669 -1.954367774 -0.87107357
-1.211092859 -1.209469323 -1.033851913
-1.217111363 1.270343391 0.1387087294
0.7837382579 -0.1327653774 1.496915701
-1.818972972 0.833892008 -1.842658939
-2.211350265 0.5905457364 0.6647665148
-0.3271177966 1.820950248 1.594254655
0.05988443001 -1.393084634 -1.155602696
-0.06042554651 0.812462519 -1.350164114
1.160845956 1.722574574 2.255405012
-1.372085925 1.654605416 1.159054706
2.336073088 0.6414531465 2.117041526
-0.243347302 -0.8374167477 -0.2568181825
-1.966347453 -0.135680378 -2.277018487
0.6370129446 0.249225359 -1.938208577
-0.8279160221 -2.014780295 -0.3446700404
-0.3511874907 -0.3772711828 -1.379678441
0.6332439899 -1.790864128 0.8859022225
-1.776838232 -1.644098534 0.9537236173
1.947621633 -0.4941702266 2.038396149
2.46325601 -1.168639188 1.31664517
2.035341713 -1.811758511 -1.571773679
-1.805267104 1.873981526 -0.6405740173
-0.4891289047 -1.379386961 0.8129993802
-0.8451518852 0.3607334748 -2.033692292
0.2780160718 -1.204812938 1.67947764
-1.255225861 -1.059891565 0.1066286482
1.275859856 0.6664926612 1.983118336
-0.2577601479 1.752226793 -1.838653044
-0.7713382962 0.6993660313 1.058640296
1.690682322 0.2696571036 -2.076948505
0.8123485493 -0.6941654539 -1.46919068
-1.920517172 -0.9578985269 2.129545395
1.72315426 -0.8742066948 -1.999575247
1.310174491 1.875422722 -0.7492059994
1.349235402 -1.825950355 0.1524454431
-1.424197552 -0.1382918375 -1.308796131
1.043706234 -2.051246246 2.067415138
-0.1579575849 1.455345233 0.4474043593
0.563227688 1.142971682 -0.3600519287
1.851397456 1.386881229 -1.968342683
-2.282939517 2.280180006 1.211455422
-1.175027443 -0.09938212599 1.988082772
1.714405518 1.070107452 -0.1515675798
-1.756266071 0.7979113271 1.652887714
-2.189432438 1.594711071 2.475570383
0.1904249043 1.273206038 2.494749975
0.3583568456 1.026846539 1.399669177
0.3834710092 2.333088037 -1.193099018
-1.001799176 -2.335001084 1.345845964
-2.284691425 1.63925454 0.2952365107
2.01368689 -1.594722004 2.261108072
-0.893805619 -1.327120309 1.878524651
-0.199720307 -2.456374749 0.6376499476
-0.2476403083 0.4372280957 1.970799165
0.8643660133 -0.9274635639 -0.4144059048
1.68300412 1.950681364 0.4567787738
-2.420212722 2.10890676 -1.604758459
0.6117566809 -0.7203866792 0.6209419925
-0.4398466466 0.4753424375 -0.2895166615
2.175552825 -1.31524228 -0.4453020376
-1.130132469 -1.083090684 -2.103941696
0.2388815829 -1.810939101 -0.1604079557
0.9694725607 -0.8678542555 2.433702381
-1.301326541 -0.6770151099 1.123766558
-0.3580972179 1.640811271 -0.6772167574
0.5146903761 2.318568274 -2.366583156
2.377430161 -1.894037909 0.4431621722
-2.159588976 -1.074927323 -1.584968343
2.184018478 0.1222344713 -0.03359379752
-1.776709539 -2.033630717 2.003166596
0.4462830107 0.03686115962 -0.7664646795
1.437804115 2.371963067 -1.742548196
-1.304792692 1.828993962 -1.591765924
1.371485116 -1.213774143 1.426433725
-0.2698368276 -0.3861112561 1.229103293
-1.300042694 0.09854466748 0.2841522455
2.150079604 2.259080363 2.143687083
1.855566219 1.409804014 1.4348986
0.1783032557 0.326700894 0.5911580073
-1.517485661 2.408343773 0.3355054279
-1.930005419 -1.798807847 -0.3928058801
-2.216071975 -0.5283974313 0.4794444291
-1.068066607 1.335716912 2.271907318
0.8151220037 1.990484026 1.245216693
1.326209484 0.6391699999 -1.061855525
2.326505526 1.314598718 -0.9714453109
-1.963880863 0.6566290717 -0.4563986444
-0.6911600825 -2.072822904 -1.466625664
1.766099036 0.1987984203 1.01479205
-2.101877842 -0.5663876392 -0.5661659476
0.05583749236 -2.255040759 1.685471598
1.669816873 -2.287431274 1.160874106
-1.720547894 -2.093508054 -1.725387318
1.771182545 -0.7825392025 0.4635809729
2.173225538 2.429814098 -0.4459309942
-0.7998819067 2.474568073 -2.45892009
-0.03397043375 -1.559812246 -2.30187966
0.9442049546 -1.69236507 -1.867518161
-0.2406052398 -0.5987029908 2.399934518
-2.218885505 -0.1446704793 1.488049059
1.716833911 -0.4843305297 -0.9288787047
-2.499400179 0.06261118087 -1.336397098
-1.099980624 0.9319170394 -1.039926216
1.093686718 0.1124170179 0.05266741602
1.077173713 1.064009297 0.675078738
0.8093420557 1.409953162 -1.612465243
0.6540682517 2.142331756 0.1391759354
1.19569291 -1.929087599 -0.8825140945
-1.198639729 -1.202724541 -1.030181328
-1.226442516 1.237306299 0.1372300344
0.7581314701 -0.1476592681 1.495006392
-1.827321061 0.8736375116 -1.829688081
-2.198206132 0.5954847303 0.640696156
-0.3342414128 1.834376847 1.612705773
0.05720452136 -1.379742196 -1.150854995
-0.05657051991 0.7917892885 -1.312571886
1.173289971 1.699785703 2.296296363
-1.360680986 1.647268599 1.155071816
2.351851727 0.6149282282 2.096415579
-0.2497855083 -0.8180242901 -0.2345001608
-1.980909881 -0.1523439305 -2.270774969
0.6321349678 0.2594384431 -1.955260944
-0.8156935021 -2.005647418 -0.3319215052
-0.3370826029 -0.3821138891 -1.358472914
0.6230470951 -1.794071795 0.8962864264
-1.764077091 -1.622883839 0.9256570129
1.92193755 -0.4564725203 2.007594079
2.439228274 -1.181100137 1.296531288
2.034977111 -1.816493298 -1.572010779
-1.79161572 1.854865734 -0.6393647034
-0.4814149273 -1.409004589 0.8131265745
-0.8255205731 0.3768036349 -2.050275702
0.2607514025 -1.187050364 1.664074257
-1.261046471 -1.048603997 0.09502222662
1.245658595 0.6532626125 1.964374255
-0.2595550549 1.730097803 -1.835336918
-0.7622599987 0.7090301524 1.073655633
1.700893681 0.2856744983 -2.058549491
0.7930751056 -0.6752724957 -1.474874101
-1.910772278 -0.951360177 2.132584877
1.729277422 -0.8478167647 -2.000139142
1.27904677 1.863627405 -0.7713476198
1.360022705 -1.814627121 0.1529120566
-1.434428061 -0.1605165262 -1.311922092
1.009023909 -2.022619518 2.055514791
-0.1383955973 1.436507641 0.4318727978
0.5466894431 1.101116682 -0.3439973062
1.84708205 1.377002475 -1.966863068
-2.279501809 2.282854089 1.206056156
-1.180899261 -0.1012753127 1.980160708
1.697121958 1.073648082 -0.1558122505
-1.767171615 0.7947877945 1.636496629
-2.193041089 1.606622423 2.436553817
0.1706884176 1.245522868 2.457644967
0.3282658504 1.026196664 1.397495075
0.3951645914 2.331626908 -1.18191517
-0.9733993043 -2.322313412 1.354867999
-2.2981795 1.607040439 0.2911538597
2.001830499 -1.588610411 2.221033078
-0.895519117 -1.338915577 1.848932955
-0.19466021 -2.446562432 0.6185836811
-0.2753273476 0.4025934987 2.005254061
0.873497679 -0.9447868315 -0.4032624893
1.709553007 1.959621234 0.4703437973
-2.390029198 2.108637043 -1.617454856
0.6024643997 -0.738207715 0.6108031265
-0.4500521307 0.5013011536 -0.2930219514
2.158972675 -1.311615331 -0.4382292355
-1.122514392 -1.071066886 -2.079295077
0.269410206 -1.795930869 -0.1333239211
0.9765030337 -0.8731481459 2.427517217
-1.308427867 -0.6807386718 1.093831336
-0.3746562825 1.646622086 -0.6625882151
0.5277176682 2.2943399 -2.341619653
2.39082457 -1.878593027 0.4368310427
-2.151810808 -1.027124883 -1.565317416
2.175914636 0.089956936 -0.06294847329
-1.793706394 -2.01534304 2.005213129
0.4588935576 0.02654387563 -0.7438989969
1.422312292 2.362694531 -1.730761355
-1.305621194 1.846842129 -1.605037232
1.353459447 -1.20121406 1.422559454
-0.2739861771 -0.3855871589 1.232947717
-1.285248068 0.07813893163 0.2713315716
2.141650756 2.222022088 2.13447934
1.842601525 1.383046766 1.408782892
0.1841866275 0.353405746 0.5986336344
-1.504437188 2.395094017 0.3396949732
-1.919098632 -1.759351718 -0.4055576332
-2.183843889 -0.5438086529 0.4812869825
-1.061809506 1.328256318 2.254324282
0.8318516859 1.990744474 1.256522097
1.343133225 0.6031529781 -1.055666411
2.301061778 1.326650068 -1.002048264
-1.956465299 0.6499266179 -0.4521168013
-0.6962378895 -2.08535303 -1.482418581
1.76531133 0.189521647 1.047781222
-2.107476101 -0.581368688 -0.5870270459
0.0277142254 -2.260546221 1.68225758
1.662629388 -2.249305363 1.165457401
-1.742055857 -2.069429687 -1.727412318
1.742814785 -0.8133491117 0.4662181782
2.166449326 2.432900247 -0.4605261954
-0.8017112177 2.470454441 -2.477869063
-0.08687248271 -1.52912093 -2.287792794
0.940567367 -1.685405439 -1.891052548
-0.2547221334 -0.5786405852 2.388597491
-2.220189282 -0.1488131225 1.485293703
1.672959174 -0.4748742838 -0.9216947156
2.480438534 0.1007697861 -1.364696203
-1.119417162 0.926178801 -1.030664888
1.121281605 0.09560490816 0.07975278516
1.062877904 1.035534722 0.6651681701
0.7769160468 1.391494282 -1.641044755
0.6641166966 2.08378011 0.140622801
1.178413808 -1.903138043 -0.870604516
-1.173222075 -1.159359897 -0.9748154661
-1.230601453 1.209166436 0.1668028409
0.786520904 -0.1736485485 1.488788607
-1.861059616 0.8409303092 -1.855700322
-2.197670925 0.5564992883 0.6175215037
-0.3527124527 1.799290211 1.585000647
0.07293841834 -1.396843196 -1.117298243
-0.09240694474 0.8020709717 -1.289101271
1.186872027 1.735534614 2.294819197
-1.33654538 1.659325218 1.137026055
2.315697784 0.6121208384 2.054378894
-0.2054050768 -0.8118369244 -0.2484428066
-1.988148409 -0.1812343895 -2.270565741
0.6169900636 0.2614182939 -1.869944722
-0.7962190642 -1.97649098 -0.3270022908
-0.3365640678 -0.3680069221 -1.373217428
0.6249325382 -1.849703145 0.9063378268
-1.749316404 -1.600611638 0.9435273929
1.893752257 -0.4419460733 1.935610455
2.410672741 -1.189340605 1.249600325
2.035431263 -1.819719533 -1.505564312
-1.786835515 1.920576151 -0.6216312791
-0.4501035054 -1.394781348 0.8309912435
-0.8345684796 0.392759001 -1.999277131
0.253815056 -1.210549542 1.671470884
-1.250684104 -1.034221235 0.07764765025
1.242601914 0.6759593849 1.959170293
-0.2473599148 1.692219013 -1.803417275
-0.7901309992 0.7134974277 1.043031984
1.667249412 0.2775358161 -2.071440405
0.8031859219 -0.7098932795 -1.468335767
-1.855188768 -0.9471341446 2.103719987
1.746322709 -0.8494781286 -1.99319942
1.280718462 1.793660039 -0.7673176948
1.340077824 -1.753835773 0.1605257767
-1.380430993 -0.1266255344 -1.273203673
1.003642483 -2.00702494 2.060570106
-0.137065136 1.36398743 0.4397604238
0.5374978838 1.048201541 -0.4040159824
1.783407735 1.342921552 -1.986368392
-2.287017734 2.236444454 1.199270396
-1.150719327 -0.1789111745 2.012303569
1.734003695 1.053460556 -0.1322944109
-1.757629102 0.7759605428 1.613517869
-2.166306329 1.594136832 2.398803124
0.1911739282 1.195476157 2.499556764
0.3513316062 1.00958941 1.413004946
0.3928484247 2.336932217 -1.140509938
-1.023791783 -2.299694902 1.34419148
-2.299419449 1.609369521 0.3583297714
1.990793253 -1.634181079 2.231010377
-0.8369527814 -1.308279093 1.852795548
-0.2080294046 -2.46350509 0.6303650415
-0.2901269471 0.4275402344 1.95757613
0.8665593119 -0.9533741514 -0.4204790988
1.6712792 1.939149398 0.4542452288
-2.409603516 2.096719527 -1.607665435
0.5372876596 -0.8030225215 0.5944937341
-0.4277149852 0.4876957527 -0.2778641705
2.112295311 -1.324432506 -0.4450815176
-1.092271819 -1.032328944 -2.057110339
0.2738535968 -1.846038678 -0.1456138473
0.9774859778 -0.9370155039 2.396775168
-1.311693714 -0.6647683437 1.111376474
-0.3393646949 1.622180269 -0.6475042844
0.5128723622 2.224017112 -2.343474522
2.390714188 -1.940140564 0.463484067
-2.112417117 -1.032413293 -1.565577772
2.208491686 0.08217406234 -0.03769767164
-1.763681187 -2.008378269 2.02497329
0.4504973976 0.0515438181 -0.7750943647
1.438554391 2.362885054 -1.698140968
-1.287048563 1.84792058 -1.599647298
1.307879576 -1.17338099 1.381500481
-0.319538969 -0.373177823 1.260919916
-1.312764584 0.08149644221 0.2474116843
2.138947324 2.22349098 2.069911128
1.823509095 1.369507618 1.404033891
0.1695790809 0.302786761 0.5942266155
-1.526010215 2.390945873 0.3713413916
-1.887573634 -1.772104459 -0.4185307448
-2.19168492 -0.6402247707 0.4810126346
-1.041496681 1.221781765 2.285426573
0.8869325377 1.940983259 1.290003139
1.357136597 0.6253906609 -1.04977747
2.274769268 1.291311717 -1.014476365
-1.988638786 0.6039198879 -0.4638008856
-0.6958140094 -2.095760683 -1.486712213
1.72822575 0.1653933548 1.058415345
-2.0526782 -0.5688613972 -0.5709083327
-0.003136967784 -2.259607389 1.697427064
1.667860648 -2.228840952 1.217880506
-1.753886697 -2.037275108 -1.768725537
1.6615194 -0.7798723532 0.4539991877
2.142907073 2.406681566 -0.4152099508
-0.7401422882 2.405039066 -2.440070375
-0.07191566436 -1.546566207 -2.273242436
0.9493188647 -1.658872748 -1.908123355
-0.2018738366 -0.5908693702 2.424532284
-2.199333098 -0.1688493508 1.449078886
1.676675546 -0.4282893169 -0.9063828758
2.461482963 0.1445737526 -1.347372388
-1.130225973 0.9428236955 -1.021519895
1.095004713 0.1164499383 0.05595893693
1.053761647 1.041816442 0.6597777811
0.7641437711 1.351244686 -1.634474599
0.610614474 2.059047214 0.09670050655
1.146477726 -1.876829138 -0.8734804305
-1.13774583 -1.13803191 -0.977291754
-1.223185418 1.210048431 0.1622228464
0.7795057656 -0.2056010737 1.502783706
-1.8564082 0.8284551967 -1.824459106
-2.217508217 0.5548603233 0.6625154279
-0.3680803268 1.77327372 1.604823893
0.07097157307 -1.424841426 -1.13311484
-0.1012928802 0.7856380676 -1.26532809
1.198849048 1.711859137 2.287596033
-1.348944586 1.678229051 1.133939481
2.339083758 0.5945581703 2.071542631
-0.1965377946 -0.8081279505 -0.2244416336
-1.943380254 -0.1988058448 -2.271437859
0.6176820658 0.2574004995 -1.888260101
-0.8078702245 -1.963587109 -0.3475374338
-0.312562265 -0.3787371057 -1.395372714
0.5741600686 -1.855141537 0.8947412542
-1.767508534 -1.609906256 0.9337853675
1.928390939 -0.44191646 1.923060997
2.375064661 -1.134761434 1.220589744
2.011813215 -1.763408741 -1.526919895
-1.786807227 1.878373393 -0.6603854867
-0.5012685253 -1.437174609 0.8066514592
-0.8382689229 0.4560648262 -2.001883731
0.2658577506 -1.183300266 1.672853538
-1.22319377 -1.043850465 0.1002384361
1.228738438 0.6713767551 1.962789568
-0.2439080346 1.710998716 -1.801733375
-0.7693451206 0.6710485139 1.046933699
1.676942245 0.2373432667 -2.08593581
0.8129001689 -0.7110144841 -1.432845624
-1.845061404 -0.9744260173 2.087808455
1.735775967 -0.8614614574 -1.97457678
1.28481581 1.783063113 -0.7614170328
1.344003742 -1.771864653 0.1840962314
-1.394211769 -0.1439550617 -1.277217865
0.9881543222 -1.999585415 2.050750146
-0.1460736162 1.364577482 0.4423725085
0.556465254 1.083371938 -0.3821406693
1.784726067 1.372376975 -1.97638228
-2.295708037 2.243600657 1.204875761
-1.158049717 -0.1412436122 2.046280991
1.711224845 1.026489463 -0.1420207288
-1.764346636 0.7844039443 1.613138378
-2.156192305 1.596859056 2.394832958
0.2436160932 1.201838588 2.483726234
0.3300570608 0.9983997605 1.38590723
0.3969851493 2.298664806 -1.107741724
-0.9792537522 -2.307020061 1.344642236
-2.305073154 1.588065351 0.3147265513
1.985837016 -1.6185466 2.265353892
-0.7880358339 -1.402964416 1.900194956
-0.2163820769 2.494549108 0.6389141404
-0.3128252108 0.4387185585 1.975366572
0.8959026836 -0.9476166215 -0.4006136116
1.671604888 1.938014786 0.4673680435
-2.408777001 2.070278495 -1.567644165
0.5157695082 -0.8413801636 0.5957838734
-0.4538747268 0.5206585397 -0.2649939277
2.087771562 -1.325792276 -0.4346874485
-1.084557501 -0.9981505545 -2.039258083
0.2502756359 -1.802468303 -0.1284176717
1.017238745 -0.9138573449 2.442949074
-1.31341622 -0.6595408884 1.096417236
-0.3480345706 1.645465935 -0.6351286444
0.5543253533 2.224555384 -2.336909521
2.393382331 -1.939701643 0.4502487603
-2.137556659 -1.039244852 -1.553444148
2.224538087 0.0471489867 -0.02481959094
-1.751774212 -2.038486196 2.050552118
0.4466981516 0.04180499972 -0.7491640039
1.45855482 2.383934966 -1.656605198
-1.265307712 1.818645929 -1.575119469
1.330043598 -1.198101934 1.393305878
-0.3193129772 -0.3761663096 1.263190527
-1.299359916 0.08476609569 0.2710199992
2.127788182 2.234274848 2.122391559
1.851314754 1.367440592 1.40853442
0.1988119894 0.2586262676 0.5704102027
-1.530778005 2.361043357 0.341301688
-1.880759995 -1.753943696 -0.4196923821
-2.183271895 -0.6270117177 0.4788577937
-1.032558219 1.226030125 2.311613395
0.8469635999 1.94994372 1.268336651
1.351508611 0.6095197307 -1.064255077
2.249935956 1.281249175 -1.028988355
-2.000439292 0.6238162021 -0.4552566242
-0.7065214358 -2.095340737 -1.489785043
1.738664856 0.2174751805 1.039133313
-2.036865014 -0.5905039737 -0.567127917
0.01542721825 -2.240240489 1.733536661
1.651331868 -2.223142442 1.207163262
-1.755689121 -2.039008201 -1.787788869
1.635621135 -0.759581349 0.4281435377
2.119538593 2.407092785 -0.4160439889
-0.7482700279 2.405394179 -2.448301276
-0.09427148001 -1.539598364 -2.275869515
0.9272925897 -1.690271538 -1.935912903
-0.1875533529 -0.5864578242 2.441250668
-2.251829713 -0.2000496094 1.467162448
1.687713135 -0.4404569254 -0.9064744245
2.451239758 0.1597033984 -1.36848759
-1.129979522 0.9032882757 -0.994048208
1.129103022 0.1184694757 0.04136455144
1.037828609 1.047772806 0.6324032061
0.7932673489 1.3725841 -1.617931864
0.6129772322 2.040825944 0.1330729909
1.145825508 -1.878000542 -0.9075801483
-1.162437477 -1.153722794 -0.9934903533
-1.23384207 1.198080098 0.1638260621
0.7200778713 -0.1874402112 1.470698167
-1.835888088 0.8127034261 -1.769369816
-2.216294128 0.5243427509 0.6273687406
-0.3401783245 1.737944078 1.614004445
0.01566341132 -1.402407242 -1.143231371
-0.1285053548 0.7593142686 -1.280521398
1.160001867 1.664157653 2.251957055
-1.343767145 1.654676267 1.166771594
2.340040768 0.6165270576 2.039909458
-0.2246028777 -0.7373976318 -0.2532744754
-1.92704805 -0.1604573037 -2.297751296
0.5774458992 0.2576745673 -1.836183309
-0.779594759 -1.97975629 -0.3051539629
-0.3012660857 -0.413965468 -1.36941715
0.6025233829 -1.892081997 0.9349428115
-1.787989274 -1.575933548 0.9184720898
1.881175436 -0.4363717004 1.937707788
2.378865199 -1.12627569 1.210960787
2.029920613 -1.765433208 -1.505170099
-1.790436308 1.886190138 -0.6279010776
-0.5011163904 -1.411162677 0.8273470596
-0.8415887178 0.4159816813 -1.997576791
0.2842801269 -1.215301146 1.675120706
-1.221171723 -1.027735276 0.09566149892
1.220792897 0.6385346305 1.961303286
-0.2217894536 1.670291748 -1.781169962
-0.7860210798 0.6722073698 1.060677054
1.660881473 0.2331508611 -2.101015155
0.7867472452 -0.7189767081 -1.443070018
-1.801088238 -0.9798769074 2.076567921
1.691871293 -0.8220998465 -2.0124266
1.276784667 1.800154827 -0.7359574182
1.309584795 -1.771908242 0.1822775482
-1.415377967 -0.1023937476 -1.302995474
1.022116912 -1.979200879 2.04932462
-0.1789399898 1.38540608 0.4923510352
0.5675197193 1.039248601 -0.3534375378
1.794358893 1.328121879 -1.999014623
-2.268021052 2.230179528 1.21703328
-1.191892448 -0.1021698652 2.031821618
1.734040389 0.9956772505 -0.1438184795
-1.741494153 0.7627824407 1.619767225
-2.167707142 1.578917591 2.389888842
0.2050831007 1.205020798 2.485716269
0.3583629164 0.9908878332 1.398062328
0.415284918 2.314482085 -1.099878091
-1.001394114 -2.335773973 1.295982084
-2.282127658 1.554451472 0.3288587454
1.983886052 -1.566208894 2.239185892
-0.8183810208 -1.393717893 1.863422811
-0.2289405497 2.487124345 0.6743671715
-0.3162033285 0.4665669106 1.998819623
0.8742406571 -0.9368763904 -0.3889122477
1.641996978 1.929899186 0.4377946783
-2.357978651 2.021212285 -1.537732912
0.5204377925 -0.8160836857 0.6264857854
-0.4293034447 0.5204890475 -0.2830327918
2.05147984 -1.339751724 -0.4424267932
-1.050082595 -0.9580395352 -2.048962841
0.2638502541 -1.767165761 -0.0844697813
1.025710374 -0.9373819843 2.424560074
-1.298678633 -0.6639715128 1.136386965
-0.3806687859 1.643661032 -0.6234097233
0.5473250744 2.197648484 -2.322364628
2.373419283 -1.914672663 0.4616585635
-2.078251351 -1.007844539 -1.579204461
2.226893642 0.02575233632 -0.02863132571
-1.748373226 -2.064072079 2.013033045
0.4298097643 0.0224224415 -0.7443269936
1.43263501 2.377836276 -1.657539535
-1.2604727 1.821560139 -1.581817494
1.311966708 -1.187053179 1.379549742
-0.2992116001 -0.3997363009 1.293990585
-1.272656614 0.07935628082 0.2587722611
2.125630958 2.20705561 2.101604915
1.818274871 1.369922213 1.377638343
0.1837730647 0.2714043981 0.5599674449
-1.518599352 2.346332643 0.3147209227
-1.861448603 -1.770244509 -0.3929308337
-2.163002843 -0.6205926349 0.4773081432
-1.061427828 1.235971924 2.260782491
0.8549651298 1.950819212 1.233614452
1.323606554 0.613225449 -1.067908955
2.269189012 1.262169861 -1.017270355
-1.985187713 0.6077860218 -0.4191100782
-0.7280818794 -2.098063763 -1.458190753
1.691647658 0.2379818207 1.046579837
-2.0100627 -0.5742187874 -0.5518401116
0.02310291576 -2.2709283 1.731802764
1.643547222 -2.201955848 1.195015253
-1.751850661 -2.013441379 -1.781690039
1.629644895 -0.7576158973 0.4415083376
2.110787798 2.386327496 -0.4444974333
-0.718051222 2.383369871 -2.416745731
-0.1469716215 -1.584585573 -2.287615389
0.9743386935 -1.695775771 -1.927704782
-0.1715649232 -0.5532157144 2.402024029
-2.276047604 -0.1807122464 1.4854615
1.690481923 -0.4112374248 -0.8842390029
2.460469284 0.2458497604 -1.411337394
-1.147503531 0.9169371468 -1.008210451
1.124098698 0.09908647794 0.04658725461
1.058931413 1.053925248 0.6303976173
0.7771096545 1.359973566 -1.62678501
0.6325706678 2.052154102 0.06150581399
1.157064366 -1.909585305 -0.8417397046
-1.085733318 -1.133098019 -0.9609104818
-1.225125227 1.218592809 0.138987194
0.7681924119 -0.199785648 1.463585549
-1.846151742 0.8856737508 -1.809624995
-2.2153062 0.5141045651 0.6854878752
-0.3383296456 1.750326534 1.582831522
0.02248094242 -1.424363568 -1.126649212
-0.09788518122 0.7730123057 -1.233755047
1.163853842 1.709684537 2.179605742
-1.322947027 1.664307438 1.147126387
2.31590686 0.580657266 2.003815007
-0.255807128 -0.7123280655 -0.2721653392
-1.839845004 -0.1867506056 -2.293089408
0.5896844461 0.2574286483 -1.879044954
-0.792908965 -1.968827853 -0.3044191939
-0.3640645028 -0.3924578346 -1.349371769
0.6128977021 -1.914856427 0.9192615491
-1.79872816 -1.61822163 0.9115596964
1.853672582 -0.426791534 1.913571532
2.372795508 -1.100991191 1.16599415
2.049865489 -1.714573687 -1.485314508
-1.770024759 1.844921019 -0.6189683589
-0.4645653819 -1.405459433 0.7779919941
-0.8120891989 0.4181636493 -2.020212839
0.2696919182 -1.235727921 1.658573018
-1.231089969 -1.025740547 0.1185277226
1.232241774 0.6156940991 1.987325952
-0.2302961594 1.673629766 -1.758975728
-0.8195693525 0.6591248893 1.047584745
1.643515748 0.2606618257 -2.081417986
0.776170314 -0.7111787075 -1.448895506
-1.823116305 -0.9866809876 2.066724982
1.696781297 -0.8445792345 -2.012076998
1.288266693 1.752022375 -0.757870742
1.336689246 -1.718204252 0.1811022624
-1.435675516 -0.09773454762 -1.293545788
1.003538494 -2.021813007 2.089252509
-0.116894513 1.313671775 0.5045712129
0.547225876 1.040583307 -0.3692829667
1.788633026 1.323991432 -1.960505529
-2.301731896 2.196719545 1.228876765
-1.202723499 -0.09610252997 2.047020352
1.752044444 1.004381012 -0.176939909
-1.764662726 0.7646436221 1.600097457
-2.114614471 1.568608531 2.391167636
0.2290856442 1.234163995 2.49707041
0.3966548267 0.9726932111 1.44009437
0.4206071468 2.285803687 -1.130054417
-0.9754731854 -2.332364237 1.268732567
-2.294260619 1.533789901 0.3268471638
1.992973363 -1.558125469 2.142549035
-0.8407609195 -1.343378449 1.828678475
-0.2378018945 2.38053505 0.6341646112
-0.3126519839 0.4384138954 1.983107489
0.8995742732 -0.8995421322 -0.3983025387
1.678702958 1.945746073 0.4039392108
-2.402638152 1.978558889 -1.595032743
0.4680893542 -0.8540019554 0.6026840683
-0.4393555926 0.5358631075 -0.2623707265
2.105011601 -1.278641834 -0.4552325724
-1.039479724 -0.9568948141 -2.068029125
0.2607383418 -1.718086353 -0.1113856578
0.9681195204 -0.9123169751 2.37050254
-1.289092784 -0.6053962792 1.117256845
-0.3842596962 1.662502373 -0.5359902723
0.507900277 2.257990324 -2.33421854
2.333578461 -1.925346405 0.4078733924
-2.056228671 -0.9912563411 -1.598880426
2.226331076 0.04916460939 -0.07964160442
-1.778693199 -2.050576908 1.97830762
0.426992777 0.02374717631 -0.696634197
1.383498744 2.320871075 -1.684242557
-1.291215562 1.825771475 -1.61955955
1.309809312 -1.165871547 1.353731001
-0.2923170219 -0.4223825356 1.317407385
-1.262770248 0.0852416808 0.2254069237
2.127055839 2.22501525 2.085917415
1.804814054 1.345449008 1.404330138
0.199637234 0.2636111251 0.5491554041
-1.473342621 2.357622582 0.3213708865
-1.886432415 -1.729934883 -0.3441144321
-2.140905973 -0.5849250179 0.5231165072
-1.060865827 1.252206991 2.237317883
0.7931311449 1.960229247 1.153129347
1.299134599 0.6041937763 -1.097226251
2.312021451 1.286755236 -1.03534933
-1.955533009 0.6654592541 -0.4430881303
-0.7345621099 -2.134070921 -1.495754541
1.647574974 0.2245092126 1.019153604
-2.021961342 -0.6053625955 -0.5693160465
-0.01589350665 -2.253305908 1.76271236
1.636168005 -2.201420409 1.186546473
-1.73543082 -1.972821618 -1.788217149
1.641890948 -0.7408818812 0.4174064364
2.134737944 2.363295789 -0.4691075629
-0.7101988894 2.357721895 -2.414518505
-0.1314889962 -1.599086461 -2.251794415
0.9927949735 -1.703029329 -1.951614533
-0.1603315187 -0.556761325 2.402164741
-2.221896972 -0.1872592356 1.50859885
1.669273017 -0.3892059395 -0.9065658497
2.428895582 0.2387641773 -1.354453961
-1.104715132 0.9698024942 -0.9835182993
1.159909885 0.1429036378 0.05160762816
1.039501546 1.058714785 0.6061928145
0.722159633 1.362655457 -1.591693089
0.6398980801 2.070447623 0.05177179039
1.124537716 -1.86859069 -0.8637046359
-1.072683987 -1.094133526 -0.9597211566
-1.252560663 1.215773992 0.1468763538
0.7333145213 -0.188968022 1.486311886
-1.821163782 0.9088771758 -1.809432396
-2.174332873 0.4985549464 0.6331877329
-0.3010849371 1.753541916 1.551925498
0.0269909619 -1.423212497 -1.130249866
-0.08427344135 0.752488433 -1.231421159
1.166046607 1.747748542 2.196105431
-1.319258047 1.662636403 1.180691245
2.327918895 0.5409832625 1.942393012
-0.2437502815 -0.6971363157 -0.2704266673
-1.800118754 -0.1592241963 -2.253589942
0.5993812473 0.2406935484 -1.861998546
-0.7935452641 -1.950165916 -0.3505743311
-0.339618016 -0.3694077685 -1.363811505
0.5601889627 -1.940751102 0.9135215841
-1.775128367 -1.544822726 0.9130372068
1.816449705 -0.4369968018 1.871139348
2.374882449 -1.104142444 1.131510554
1.991394059 -1.703546367 -1.482053661
-1.754102721 1.811170625 -0.6206938487
-0.4670446818 -1.462989895 0.7619769766
-0.786897105 0.4373214861 -2.03046668
0.2525165365 -1.21855761 1.622017775
-1.224397851 -1.026276954 0.1220076132
1.239285986 0.6413295045 1.977714223
-0.2838358993 1.631497541 -1.770355492
-0.8244640061 0.6389356955 1.01565962
1.66506794 0.2562557912 -2.042161073
0.7968383919 -0.7723961908 -1.452467151
-1.847875012 -1.007103268 2.067796948
1.727199677 -0.8261786105 -2.025591741
1.297828948 1.71801839 -0.7758214099
1.291440984 -1.669677946 0.1899390465
-1.365714991 -0.07688926444 -1.23293129
1.02986021 -2.010158743 2.05141112
-0.1132175058 1.333720499 0.4933096699
0.5508545756 1.059015305 -0.376979627
1.766313256 1.301258111 -1.965574001
-2.264546157 2.150430179 1.235512026
-1.240277496 -0.05889412576 2.04095343
1.748570558 0.9913291213 -0.1687490796
-1.778653795 0.7914528451 1.608023639
-2.141352306 1.571942993 2.353274469
0.2149545406 1.25670424 2.475914526
0.4059586131 0.9893866118 1.415268852
0.4141772897 2.295912061 -1.127781308
-1.003697236 -2.342004664 1.255217379
-2.281680722 1.526768861 0.3103555651
2.016506703 -1.51363622 2.167108559
-0.780932097 -1.338843257 1.834515954
-0.3141958771 2.368437571 0.6501814272
-0.2910777891 0.4362435589 1.958617436
0.8716740549 -0.8791177798 -0.370044158
1.664325142 1.914009278 0.420979154
-2.426732782 1.882010097 -1.548154988
0.4713903085 -0.8386692771 0.6158020744
-0.4338598149 0.5514314483 -0.2539759489
2.09144791 -1.255148574 -0.4627622801
-1.036453822 -0.9342418921 -2.055089441
0.219987977 -1.723417844 -0.08705872806
0.9840781732 -0.9226938414 2.446830517
-1.238022103 -0.6283501794 1.116873166
-0.389738152 1.69095455 -0.5551733237
0.4695535955 2.280941679 -2.332739792
2.35515252 -1.883132474 0.4039994444
-2.051261897 -0.9505219173 -1.51427875
2.234237731 0.04252877784 -0.07782305848
-1.748142402 -2.063838496 2.049183698
0.482812927 0.02369193258 -0.740668671
1.377013387 2.341253391 -1.6724491
-1.298202237 1.851083428 -1.610487395
1.260733568 -1.185159587 1.333265992
-0.2615936014 -0.3570808989 1.259310369
-1.282154023 0.04491423563 0.2041692874
2.129213832 2.190966888 2.058382953
1.795505085 1.392726237 1.356150552
0.2364893964 0.2457068365 0.5255296561
-1.430730122 2.335006262 0.3231314446
-1.895788281 -1.713779339 -0.3267314657
-2.134148583 -0.5707563971 0.5221325094
-1.023860401 1.25388638 2.23108342
0.7627649892 1.976372355 1.153951031
1.315441966 0.6136375319 -1.062512182
2.328856189 1.301502228 -1.007799238
-1.972875363 0.6438316035 -0.4556377626
-0.7171140517 -2.106929388 -1.460033379
1.671713378 0.2297803454 0.9980309596
-1.983137281 -0.5955116804 -0.5178095008
-0.04334009772 -2.229688628 1.770135442
1.663631621 -2.16920455 1.191809214
-1.717486439 -1.906237942 -1.866255748
1.66574021 -0.7049143868 0.4483826178
2.157225571 2.351681406 -0.4967054421
-0.6589985959 2.380556517 -2.468380598
-0.1234020617 -1.627600533 -2.28048931
0.9273889943 -1.685286523 -1.954637191
-0.1574111266 -0.5785414617 2.351471018
-2.238899668 -0.1928166127 1.524588139
1.671156544 -0.3987203142 -0.9092990167
2.411975349 0.24418011 -1.262732309
-1.107124433 0.9779257526 -1.019015294
1.157209158 0.1355326685 0.03894204608
0.9882873786 1.065981271 0.5595079608
0.729358736 1.334186187 -1.572635643
0.6115073813 2.050040655 0.03453927946
1.068354462 -1.776273188 -0.8993797157
-1.039321224 -1.098161295 -0.9184033425
-1.162499753 1.1803337 0.1585511241
0.760423939 -0.1988533202 1.432657398
-1.821752187 0.8766789339 -1.796922302
-2.209970147 0.5106642111 0.6596349001
-0.284086613 1.715225922 1.595611491
0.05130821966 -1.447893307 -1.087379358
-0.1434718983 0.7253196499 -1.233847861
1.162692422 1.716680819 2.207502254
-1.311762761 1.649235792 1.162348683
2.302851426 0.5623541116 1.915592043
-0.2107163883 -0.6844275408 -0.2400027815
-1.801939692 -0.1739462504 -2.262220787
0.5681665101 0.2327831515 -1.82961369
-0.7804151139 -1.976429013 -0.3408633862
-0.3261027364 -0.3799206153 -1.392516502
0.5891321472 -1.936311896 0.9446421313
-1.764637874 -1.57807895 0.9345526832
1.772765284 -0.4078433992 1.847395879
2.344563414 -1.085219727 1.176162864
2.016427901 -1.68137385 -1.49673019
-1.779625339 1.758073284 -0.6403428345
-0.4330610498 -1.478901717 0.79429497
-0.8371576215 0.4187018521 -2.052588958
0.2529536352 -1.168126302 1.616558924
-1.177055393 -1.062808355 0.1554587628
1.240674664 0.5757023563 1.993125411
-0.265845003 1.648722582 -1.757950714
-0.8048647198 0.5818934067 1.012044384
1.622217463 0.243181394 -2.03189332
0.7607792556 -0.7499303219 -1.404357854
-1.815045372 -0.9941773434 2.058374072
1.699174638 -0.8076497344 -2.0198173
1.311180088 1.763875345 -0.769460247
1.30984165 -1.696566337 0.2159601331
-1.364630494 -0.05687778474 -1.223102048
1.015333252 -1.992715829 2.057500574
-0.09205853373 1.334653078 0.4717892796
0.5665546834 0.9943319757 -0.4084641665
1.747965299 1.340087182 -1.962994888
-2.305065293 2.143094474 1.211245454
-1.249733976 -0.06328065165 2.073492156
1.770875108 1.012117982 -0.1608019684
-1.770517246 0.7905892285 1.578668755
-2.105053791 1.556088 2.315700762
0.2037333289 1.23649917 2.490682161
0.4313326447 0.9425465582 1.415469142
0.373697831 2.274807165 -1.12007914
-1.005853818 -2.344542416 1.271756675
-2.241090849 1.518590859 0.3264238246
2.024893197 -1.551460996 2.11277658
-0.8276094982 -1.309663015 1.806223312
-0.3158934287 2.387240476 0.609459076
-0.2989424165 0.4367059104 1.962955108
0.8926906803 -0.8876311294 -0.3534695235
1.62508702 1.93313302 0.4064260542
-2.402642739 1.824089752 -1.537350443
0.466743385 -0.852093423 0.5954068987
-0.4021657341 0.5053234583 -0.2271886817
2.080867185 -1.256502123 -0.4494166163
-1.04511677 -0.9781754534 -2.027483582
0.2369945733 -1.696860016 -0.09987062315
0.9339385006 -0.9593580239 2.409716808
-1.32453998 -0.621893832 1.159102195
-0.3758366272 1.672724788 -0.5645706355
0.4595855231 2.271595156 -2.309255851
2.371916787 -1.923719696 0.4008490058
-2.00542073 -0.982482832 -1.486302579
2.279506961 0.03381290107 -0.0264184677
-1.737771374 -2.099782334 2.054945968
0.4457112143 -0.006427523204 -0.7287398028
1.391879686 2.376708825 -1.634538333
-1.287335528 1.860324711 -1.602900345
1.275273377 -1.197225115 1.333515747
-0.3173090746 -0.3716983528 1.21786138
-1.271996547 0.01454524123 0.2021926756
2.207356762 2.134390491 2.063818504
1.780757274 1.365346148 1.362707201
0.2409231113 0.2739807754 0.569704422
-1.407463722 2.263870231 0.2863861551
-1.882973766 -1.702585055 -0.3345335684
-2.151692227 -0.5746311315 0.5320346163
-1.020654678 1.210606798 2.252320565
0.7432415938 1.988878394 1.157373347
1.335818624 0.6147256231 -1.073379961
2.291422137 1.31371015 -1.037906069
-1.983473784 0.5861443997 -0.4032999035
-0.7006326653 -2.056836703 -1.495420312
1.644749691 0.2710532172 0.9981373553
-1.98739437 -0.5568944746 -0.5158233266
-0.06540391804 -2.186804587 1.777809151
1.715529292 -2.190092692 1.230219763
-1.712675667 -1.894168115 -1.903063133
1.628423068 -0.7171486984 0.4544948979
2.229341353 2.297949202 -0.4830578625
-0.648852633 2.400910017 -2.45906656
-0.1197179303 -1.577277596 -2.297559023
0.9067376934 -1.697436323 -1.951099917
-0.1246610726 -0.5365688298 2.394795197
-2.273121306 -0.178916955 1.521470503
1.62971444 -0.4055081233 -0.9096292455
2.408320471 0.2277360793 -1.276722723
-1.126007233 0.9392245309 -0.9293550165
1.177949309 0.1345602926 0.03184023572
1.043527156 1.070269637 0.5576137624
0.7116784041 1.313685859 -1.572091723
0.5878880051 1.996605582 0.01524814214
1.114232074 -1.805806083 -0.8886976568
-1.049838309 -1.099910042 -0.9163826706
-1.187305257 1.191117928 0.1203621467
0.7562418779 -0.2252115198 1.456585863
-1.843059547 0.8340522807 -1.718380079
-2.176528272 0.4454517071 0.6611184495
-0.2924896478 1.678072612 1.568370575
-0.004481269615 -1.425902409 -1.088659781
-0.165730607 0.7394965968 -1.260408833
1.181720642 1.666206203 2.194230591
-1.329262072 1.681786546 1.193259025
2.301066358 0.5894875585 1.899058356
-0.2295459026 -0.6919909256 -0.2491433145
-1.75602855 -0.1805309196 -2.259515876
0.5619524531 0.2239754652 -1.822679681
-0.748333276 -1.996912467 -0.3390462193
-0.3254198715 -0.3684495164 -1.360698464
0.6000439391 -1.987053309 0.96928757
-1.77965821 -1.617717246 0.9037629669
1.756898358 -0.383338824 1.866735031
2.349772033 -1.075074384 1.142415831
2.003742357 -1.669618582 -1.468983041
-1.77918904 1.727686906 -0.6270593473
-0.4444842969 -1.51763331 0.8096097128
-0.8537721862 0.4222189796 -2.063813586
0.2421281357 -1.184164091 1.603806078
-1.179495154 -1.068173092 0.1565601572
1.214539894 0.5767328416 2.017589268
-0.2564937152 1.706768788 -1.721213744
-0.8369776123 0.5930670745 0.9833894822
1.628597696 0.2620887968 -2.056708818
0.7507228344 -0.7860078612 -1.436578212
-1.784595814 -1.040897463 2.044157047
1.639591249 -0.8129703671 -2.039293633
1.304529473 1.741579809 -0.7656045638
1.324007108 -1.750970566 0.2060802207
-1.346323613 -0.1037783439 -1.242217914
1.024048581 -1.95109314 2.066557124
-0.1090218041 1.273690035 0.4955220025
0.5511349298 1.059855272 -0.4234380887
1.711894304 1.406184642 -1.94556421
-2.302393457 2.182402809 1.217947264
-1.206609846 -0.0599304345 2.048170286
1.815588821 0.9989258975 -0.1367349226
-1.75952466 0.7815060643 1.615661394
-2.055219919 1.568223347 2.328825106
0.2566464799 1.265854037 2.483024349
0.4385047812 0.9359222235 1.397359434
0.3675494498 2.273606653 -1.080048102
-1.061276128 -2.316012848 1.233601422
-2.166382449 1.489273476 0.368062842
2.019430878 -1.511030238 2.066649716
-0.7909519165 -1.340686619 1.80758621
-0.3129738407 2.343299797 0.6173198778
-0.2799109579 0.4687884834 1.980222131
0.8574909445 -0.9114077633 -0.3812386957
1.658302647 1.955721714 0.4094332938
-2.376450066 1.798758956 -1.545514573
0.4699706448 -0.8232199517 0.6125203552
-0.4374170691 0.4725022555 -0.2482460509
2.058092225 -1.25725284 -0.4357826308
-1.008665991 -0.9489631318 -2.005073535
0.2395202664 -1.69487811 -0.009987199313
0.9723676407 -0.900177201 2.36276015
-1.325202637 -0.6208182105 1.124542878
-0.3779717327 1.65155967 -0.5548339909
0.4757206736 2.258592936 -2.327201476
2.366980426 -1.924711233 0.4209580455
-2.00623157 -0.9466495245 -1.496217187
2.279911138 0.0007819126274 -0.01334317063
-1.726429706 -2.144485835 2.044618981
0.4659006471 0.03260793198 -0.7422123644
1.380469287 2.370896418 -1.630514743
-1.275617879 1.881641201 -1.579934179
1.274494201 -1.195893237 1.314144339
-0.3208075814 -0.351458972 1.22829402
-1.262257971 -0.03024109717 0.171423887
2.181495869 2.126575914 2.045367013
1.722192442 1.32139486 1.318986965
0.2843286678 0.2523890856 0.5573513171
-1.376628892 2.307117088 0.2744055549
-1.900410776 -1.694985465 -0.3209682825
-2.197684612 -0.6323355038 0.5190619446
-1.00545476 1.187997256 2.253653719
0.7458969676 1.93666927 1.152560296
1.378121163 0.6170692703 -1.056102203
2.301189984 1.305401776 -1.029044803
-1.958431475 0.6089844305 -0.3893516396
-0.751265678 -2.055622519 -1.488542442
1.644991601 0.2919784456 0.9894468799
-1.963168678 -0.5578280554 -0.4928771064
-0.07468497273 -2.217620734 1.76810783
1.677337621 -2.211259263 1.204702664
-1.685328543 -1.933581485 -1.89904292
1.567370438 -0.7298616756 0.3982149802
2.186081299 2.300121737 -0.4629199827
-0.6184115093 2.41459337 -2.44349053
-0.1204659809 -1.530545516 -2.285513889
0.9115649873 -1.716131276 -1.934444616
-0.1376119863 -0.5420824558 2.357243678
-2.257350839 -0.1989510664 1.571731537
1.646070748 -0.4180397969 -0.9790876776
2.429593053 0.2645059415 -1.28288289
-1.133511284 0.9490808652 -0.9801686765
1.197811298 0.1342131515 -0.04336548761
