1.132203505 1.03506338 0.7220485409
0.8068651961 1.458126099 -1.68250675
0.6405379046 2.214089314 0.1251920942
1.181444607 -1.992985412 -0.9136785321
-1.210722016 -1.250886939 -1.018911991
-1.159128525 1.291411835 0.1683950942
0.8470860394 -0.1461572879 1.453127105
-1.856917254 0.8591907302 -1.814665737
-2.227493171 0.5873855589 0.6542298997
-0.365602124 1.839107847 1.601295008
0.04161968767 -1.429723742 -1.13246646
-0.03006613378 0.8623856048 -1.354108555
1.179643599 1.732987292 2.281962852
-1.379497821 1.649190989 1.194398063
2.352969193 0.6522101147 2.154942444
-0.2246983505 -0.8268553601 -0.1666276281
-2.007953604 -0.173775434 -2.29493577
0.6241637626 0.2244183917 -1.992371968
-0.851747882 -2.057071907 -0.3596552099
-0.3514829216 -0.4609139206 -1.393721203
0.5863193352 -1.818387325 0.8656387955
-1.7904637 -1.728619804 0.9949094584
2.012836835 -0.4652500043 2.050328994
2.441386616 -1.216133665 1.333828737
2.045230221 -1.87531233 -1.565403447
-1.796751746 1.895830505 -0.6403564255
-0.4881936412 -1.435240302 0.8843956233
-0.7657799974 0.4397070644 -2.075091941
0.2885599381 -1.196575907 1.723485415
-1.313408101 -1.124760833 0.1061930515
1.256380551 0.6822179869 2.041473204
-0.3035891463 1.778897353 -1.839687292
-0.767272141 0.7064498278 1.077837762
1.726485813 0.2706977481 -2.108136311
0.7791012077 -0.7103904963 -1.477304026
-1.93755902 -0.9386376837 2.1516351
1.738133718 -0.9148170427 -1.991000222
1.303981996 1.885401847 -0.7738275813
1.358457535 -1.856530786 0.1408941684
-1.415648478 -0.1503171846 -1.301381024
1.099614437 -2.090674888 2.124692634
-0.0802517137 1.419141231 0.505709522
0.6149827457 1.212781556 -0.3547683313
1.870231344 1.380793074 -1.978982852
-2.28880077 2.265504371 1.191555006
-1.199159133 -0.1401855481 1.97140458
1.724262472 1.052287226 -0.1647825246
-1.73990853 0.7495320752 1.677399008
-2.155059989 1.570178776 2.479648376
0.2032300763 1.155880026 -2.497298966
0.3777681568 1.082805288 1.442991418
0.4175556575 2.349299771 -1.211150735
-0.9609302102 -2.41507958 1.42129433
-2.340382416 1.621236941 0.2443997079
2.092021603 -1.595041371 2.301745349
-0.8591015488 -1.308014323 1.929226205
-0.2408567065 -2.479232885 0.5932705889
-0.2750739671 0.4354037563 2.016053274
0.9248757492 -1.006120167 -0.3890100487
1.706988645 1.964624451 0.4467120927
-2.419382893 2.133021475 -1.626902847
0.5823369994 -0.7588721071 0.6444421872
-0.4754882054 0.4787459018 -0.284734932
2.203976017 -1.33851559 -0.478844129
-1.11233803 -1.079984889 -2.129879157
0.2111845696 -1.850371124 -0.1596619732
0.9127236608 -0.7182056096 2.409044768
-1.38366544 -0.7332997519 1.141894628
-0.3828896022 1.699414098 -0.728920117
0.4999161522 2.301080245 -2.349626258
2.415286931 -1.831564383 0.4325897315
-2.144624522 -1.050823353 -1.62039917
2.187479878 0.09641904519 -0.08107889382
-1.77854831 -2.045805375 2.057496609
0.4302390768 0.06086648722 -0.8359349293
1.427111305 2.378204563 -1.779812149
-1.327483693 1.853651311 -1.590048645
1.341878262 -1.281974592 1.433165601
-0.2617847399 -0.3978804875 1.276419891
-1.317645661 0.01245542203 0.3116432269
2.107945211 2.301637341 2.197697616
1.903906977 1.439074125 1.448464083
0.180806487 0.3742934803 0.6138467276
-1.535042422 2.409163428 0.3783018748
-1.965763005 -1.899568927 -0.3978855892
-2.238970598 -0.5520366745 0.4854405971
-1.073115338 1.370349879 2.358416158
0.8896052507 2.04585098 1.203702198
1.335060503 0.6714870616 -1.083620109
2.291673804 1.326871689 -1.000947423
-2.020486804 0.6362476823 -0.4679430929
-0.6972860067 -2.099597136 -1.508359737
1.792773787 0.2547025243 1.055002644
-2.12560078 -0.5338041228 -0.5593534285
0.07002457503 -2.30988282 1.680287449
1.751018558 -2.346567462 1.216946976
-1.751721732 -2.170443768 -1.797089953
1.742206008 -0.7864028336 0.4175024297
2.214186744 2.438277151 -0.4485043398
-0.8077393508 2.404852187 -2.49927063
-0.07604278383 -1.626508695 -2.30108725
0.9309910725 -1.664236939 -1.901453144
-0.2633106623 -0.573187835 2.46115422
-2.301883762 -0.127597607 1.537929051
1.716646791 -0.4839582284 -0.9323805767
-2.474222153 0.06496389848 -1.354294653
-1.07281155 0.908894427 -1.082121461
1.065600466 0.128080096 0.03333936423
