1.12913547239 1.06792077244 0.716061251464
0.826250446634 1.4013122676 -1.64475899007
0.695195855606 2.24245551488 0.124940605178
1.1719605443 -1.98395260942 -0.923658199285
-1.20275228475 -1.23547876036 -0.952502436454
-1.12722930479 1.29715778917 0.269071147148
0.872202005836 -0.097294153445 1.45253423694
-1.88116188548 0.880264995753 -1.78738535089
-2.23150412141 0.592673525764 0.686534482148
-0.409191184157 1.79803062338 1.64473698292
0.0337190935332 -1.41025523031 -1.09859777245
-0.0319415571636 0.861406649227 -1.35110520912
1.20051105812 1.77507943697 2.24686726923
-1.33986218739 1.65793771927 1.23297500488
2.36176512056 0.673230868486 2.1541452154
-0.2661070387 -0.829631625987 -0.202923515555
-2.03038562131 -0.178415795679 -2.2109366497
0.596957263821 0.228190428736 -2.06523663175
-0.836452929507 -2.05676541368 -0.31325646296
-0.444139438087 -0.52664399485 -1.44446893981
0.592747824659 -1.85519533293 0.897902738997
-1.76413232004 -1.77428117689 1.04664189849
1.88072117909 -0.476452501988 2.0826420087
2.34706425581 -1.20677718169 1.30266068866
2.09541133943 -1.90119698873 -1.51398575965
-1.78486702619 1.88101719724 -0.64426946543
-0.480697603482 -1.43256936013 0.951503789298
-0.727334073827 0.48403896634 -2.10601610929
0.301030911883 -1.24758088022 1.74116577138
-1.30221944429 -1.22759457992 0.108573907675
1.20887526684 0.707695250107 2.0274214098
-0.300303139639 1.80632045119 -1.79658445739
-0.74622960399 0.659562797408 1.0474115711
1.72330219318 0.277983564969 -2.08278586616
0.805411380423 -0.702051650805 -1.5020555725
-1.94322282037 -0.981245330716 2.13810632411
1.78799577644 -0.910882197633 -1.95349448206
1.39150640618 1.94591895999 -0.762333574097
1.34813715819 -1.87331711046 0.0920077584868
-1.36311886934 -0.205413653759 -1.24642644544
1.11057326071 -2.11299711109 2.16940307893
-0.0306358651503 1.4001145789 0.463837848162
0.592353472353 1.20764271569 -0.317059225662
1.8390695547 1.43248732177 -1.99695972083
-2.2540637365 2.18977362015 1.1398576226
-1.17383647513 -0.130248299127 1.99194951173
1.67723045662 1.04319216195 -0.151432382665
-1.69677504064 0.805414063323 1.68264313037
-2.18117998629 1.62192746096 2.46418526809
0.138346553554 1.13991838593 -2.47996297328
0.436265627347 1.06726133426 1.4974820387
0.381317397899 2.34840709303 -1.23964738484
-0.969544062337 -2.40591594689 1.42733169932
-2.34266144935 1.62635484858 0.289058632169
2.09746702645 -1.57475349408 2.38778838993
-0.863122711921 -1.3216463333 1.9207461876
-0.26478642314 2.51535489372 0.644682826528
-0.270449027522 0.377950386125 1.94202238863
0.932352332678 -0.994679714856 -0.43382772886
1.64306518226 1.96450402056 0.393618735944
-2.46251603857 2.12987467875 -1.6381132291
0.529343876418 -0.81574796743 0.640083851523
-0.49089336516 0.513740036512 -0.243302683915
2.250846281 -1.32814495727 -0.552580511506
-1.08522519662 -1.06706390993 -2.11790937519
0.217095531553 -1.88843803802 -0.153961223385
1.02083937706 -0.641799747897 2.42303513815
-1.41859369152 -0.80100223025 1.14418388162
-0.407451330204 1.73809500868 -0.747602517066
0.47483835606 2.30537608675 -2.34754367132
2.43348790149 -1.85958846677 0.423458857785
-2.15331133733 -1.06042499141 -1.65138534531
2.15395473589 0.0718246259706 -0.0458333594643
-1.77110342125 -1.97194121386 2.07293400287
0.481989036939 0.0784292425345 -0.914913242882
1.39708890755 2.38468443007 -1.82788298952
-1.35193195874 1.89406804578 -1.63900491734
1.35572311844 -1.27719273992 1.42648474516
-0.253421711023 -0.374761942737 1.28622898465
-1.32436365979 0.00586430950412 0.329796196373
2.12704988654 2.2947158313 2.26576271214
1.91411656306 1.48378517715 1.4997316096
0.182868431507 0.326184083587 0.653116008008
-1.56780725946 2.36121555175 0.336572096752
-1.94826360265 -1.93545843585 -0.407937029512
-2.2769906924 -0.550413495229 0.574905027199
-1.06037699318 1.35995810504 2.40616354467
0.917197078078 2.04351960986 1.19954459895
1.34345172161 0.705807620411 -1.15322969801
2.26730926866 1.34337881623 -1.013840634
-2.04350103406 0.647514229416 -0.488206045836
-0.691208215836 -2.15273193161 -1.54343555874
1.82233326071 0.296700411321 1.1016977077
-2.09112123048 -0.472561183827 -0.551121907845
0.124752964831 -2.31429714409 1.73532871973
1.7853105187 -2.33304282753 1.26215874737
-1.7874500451 -2.16182296665 -1.83265752767
1.73133178384 -0.830667496257 0.394510773945
2.19589140244 2.48661817018 -0.405761575574
-0.794303874978 -2.51091165915 2.46528140079
-0.0830614282479 -1.7037041172 -2.32516984057
0.899023097976 -1.69411821398 -1.87861651618
-0.273250511518 -0.585235604277 2.48504600501
-2.32390215529 -0.184720026539 1.52896000122
1.70955710419 -0.499676911963 -0.945717022962
2.4277364878 0.0458209469243 -1.39103531916
-1.0708363814 0.945678411714 -1.1047408115
0.998511210986 0.172438903576 0.0302537606542
