0 -581.915100 -698.758972 116.843880
0.000000 -581.898682 -698.806152 116.907455
0.001000 -581.853088 -698.812439 116.959366
0.002000 -581.822021 -698.820923 116.998894
0.003000 -581.853027 -698.878540 117.025497
0.004000 -581.899170 -698.937622 117.038452
0.005000 -581.898743 -698.935852 117.037109
0.006000 -581.899597 -698.920593 117.021011
0.007000 -581.915039 -698.904724 116.989677
0.008000 -581.884033 -698.826782 116.942741
0.009000 -581.867554 -698.747437 116.879875
0.010000 -581.898254 -698.699036 116.800774
0.011000 -581.930603 -698.635925 116.705345
0.012000 -581.946106 -698.539795 116.593674
0.013000 -581.915039 -698.380798 116.465744
0.014000 -581.947205 -698.268860 116.321640
0.015000 -581.930664 -698.092224 116.161583
0.016000 -581.899048 -697.885010 115.985954
0.017000 -581.899658 -697.694946 115.795265
0.018000 -581.930908 -697.520935 115.590027
0.019000 -581.930969 -697.301880 115.370903
0.020000 -581.915161 -697.053711 115.138565
0.021000 -581.914795 -696.808655 114.893860
0.022000 -581.883179 -696.520569 114.637398
0.023000 -581.882996 -696.252991 114.370003
0.024000 -581.883667 -695.976135 114.092491
0.025000 -581.852661 -695.658081 113.805450
0.026000 -581.805176 -695.314819 113.509621
0.027000 -581.851562 -695.057312 113.205765
0.028000 -581.836182 -694.730591 112.894402
0.029000 -581.790100 -694.366150 112.576035
0.030000 -581.806030 -694.057007 112.250977
0.031000 -581.836365 -693.756042 111.919678
0.032000 -581.835999 -693.418213 111.582230
0.033000 -581.805298 -693.044128 111.238823
0.034000 -581.804810 -692.694458 110.889618
0.035000 -581.852783 -692.387390 110.534615
0.036000 -581.867188 -692.040894 110.173676
0.037000 -581.882935 -691.689331 109.806374
0.038000 -581.852112 -691.284790 109.432686
0.039000 -581.821472 -690.873779 109.052292
0.040000 -581.867493 -690.532532 108.665047
0.041000 -581.883118 -690.153687 108.270554
0.042000 -581.884216 -689.752869 107.868645
0.043000 -581.883545 -689.342468 107.458916
0.044000 -581.883850 -688.924805 107.040939
0.045000 -581.884033 -688.498535 106.614510
0.046000 -581.914734 -688.094116 106.179367
0.047000 -581.930237 -687.665649 105.735420
0.048000 -581.945862 -687.228516 105.282639
0.049000 -581.960815 -686.781677 104.820847
